ID,Category,Pos_b,Pos_e,Privacy
7405,position,23,25,艺术家
