ID,Category,Pos_b,Pos_e,Privacy
8361,address,19,20,老挝
8361,name,39,41,苏塔维
