ID,Category,Pos_b,Pos_e,Privacy
9927,government,0,7,时任武汉市检察院
9927,name,15,17,吴天启
9927,position,11,13,检察员
